20046
20573
20312
20956
20759
20387
20760
20786
20810
20599
20759
20271
20908
20725
20862
20898
20632
20113
20496
20312
20539
20356
20012
20420
20150
20709
20571
20881
20595
20448
20006
20467
20895
20674
20213
20075
20323
20409
20075
20808
20852
20945
20347
20912
20594
20271
20198
20371
20494
20256
20413
20108
20695
20947
20903
20128
20302
20824
20645
20174
20504
20944
20828
20590
20217
20790
20350
20372
20350
20667
20367
20679
20679
20355
20722
20376
20643
20567
20698
20469
20465
20078
20384
20741
20599
20893
20683
20856
20632
20326
20215
20532
20942
20892
20691
20266
20547
20899
20913
20425
