GRVG 11.750 14.100 12.220 14.100 14.100 14.100 12.690 13.630 12.220 9.753 12.690 11.163 13.748 13.160 10.927 13.043 9.987 10.105 9.753 13.160
IEKG 3.300 3.696 2.706 3.267 2.673 3.135 3.861 3.696 2.706 2.673 3.069 2.739 2.904 2.838 3.960 2.805 3.135 3.003 3.234 3.597
KBMR 10.085 8.774 9.278 11.295 10.892 9.581 11.295 8.572 10.690 8.068 10.690 10.993 8.976 11.094 9.077 10.488 8.976 9.379 9.379 10.690
KRKG 61.000 71.980 62.830 52.460 69.540 66.490 56.120 51.850 65.270 65.270 62.220 54.900 50.630 67.710 73.200 58.560 61.610 57.950 72.590 71.370
LKPG 14.600 13.870 12.994 16.936 12.702 13.724 13.870 17.228 11.826 14.454 16.060 14.016 14.016 15.038 16.790 12.556 13.432 17.228 15.768 15.622
MELR 170.000 168.300 176.800 154.700 166.600 204.000 163.200 164.900 175.100 202.300 144.500 176.800 137.700 163.200 151.300 173.400 197.200 195.500 173.400 181.900
PETG 241.250 207.475 258.138 193.000 200.237 217.125 265.375 289.500 221.950 255.725 277.438 202.650 238.838 214.713 219.538 229.188 214.713 255.725 219.538 207.475
TLSG 84.000 86.520 67.200 94.920 98.280 74.760 99.120 73.920 76.440 95.760 97.440 99.120 89.880 75.600 75.600 83.160 68.880 88.200 86.520 99.120
ABKN 40.100 32.481 38.496 41.303 47.318 47.719 40.902 43.709 47.318 32.080 37.293 45.313 40.501 41.303 40.501 36.892 44.912 36.892 39.298 38.496
AELG 15.500 13.795 15.035 13.640 17.515 16.740 16.430 14.725 12.555 14.105 13.640 16.895 18.290 17.515 18.445 18.600 14.105 17.360 17.825 14.725
DPRG 23.000 27.600 19.780 20.240 18.860 21.390 22.540 22.540 23.690 23.230 18.400 24.610 19.550 26.680 21.620 20.930 24.840 20.470 24.150 20.240
ETOG 0.100 0.112 0.106 0.082 0.102 0.096 0.089 0.107 0.119 0.095 0.101 0.116 0.102 0.117 0.110 0.087 0.089 0.118 0.098 0.096
IALG 14.000 13.440 15.120 11.900 11.900 16.660 16.100 15.680 13.160 14.700 11.620 12.460 13.160 11.900 11.200 15.120 14.560 12.180 16.380 13.160
ITBG 4.100 3.526 4.715 3.854 4.264 3.280 4.715 4.018 4.879 4.387 3.649 4.469 4.592 4.592 3.854 4.059 4.756 4.551 4.223 3.444
MAJG 5.400 4.482 4.374 5.346 5.832 5.292 5.778 4.860 6.318 5.940 4.644 6.318 6.426 5.238 6.426 5.022 4.428 5.778 5.670 5.670
MTSG 7.200 7.560 7.344 7.272 5.760 6.192 7.992 8.280 7.704 8.496 6.192 7.560 8.568 8.136 7.344 6.408 8.208 5.976 6.192 6.264
NIKN 15.200 18.088 13.376 16.416 15.656 16.568 12.616 12.160 12.768 12.920 16.720 15.960 13.376 13.680 17.176 16.720 14.136 16.264 15.048 13.832
PILR 13.800 11.178 13.524 15.180 15.870 16.560 12.972 16.008 14.766 14.214 14.214 15.594 13.524 12.696 14.628 14.628 15.042 16.560 12.558 12.558
POSR 7.500 6.975 6.000 7.200 8.250 8.700 6.600 7.800 7.425 6.825 8.175 6.750 8.175 7.875 8.175 7.275 8.700 8.400 8.850 7.275
SALR 320.000 281.600 275.200 336.000 361.600 310.400 272.000 272.000 345.600 281.600 300.800 345.600 345.600 348.800 310.400 288.000 265.600 342.400 371.200 310.400
SAVA 65.900 63.264 62.605 67.877 62.605 59.310 73.149 79.080 62.605 78.421 61.946 75.785 57.333 64.582 60.628 60.628 61.287 75.126 72.490 59.310
TCRG 170.000 149.600 144.500 197.200 197.200 192.100 181.900 193.800 149.600 154.700 168.300 183.600 151.300 137.700 202.300 197.200 178.500 139.400 198.900 197.200
ZTOG 100.000 93.000 85.000 116.000 110.000 81.000 90.000 91.000 109.000 106.000 119.000 107.000 111.000 109.000 102.000 86.000 90.000 105.000 117.000 118.000
ZVTG 17.300 15.051 18.338 17.819 20.760 16.089 19.030 13.840 14.705 18.857 15.743 16.954 19.203 18.857 15.051 15.224 15.916 15.224 19.549 19.030
PRBP 24.000 21.840 20.160 25.200 28.800 28.080 24.960 23.520 23.040 28.800 21.360 25.200 23.520 20.160 27.840 20.160 19.680 19.200 26.160 24.480
AGOG 8.900 7.209 7.654 8.277 9.167 7.209 10.413 10.324 7.387 9.968 9.078 8.010 7.209 8.099 10.591 8.633 7.298 9.523 10.680 10.591
APAG 11.500 11.040 10.005 9.315 11.615 9.200 12.880 11.845 12.305 10.350 13.340 13.455 10.235 11.845 13.800 10.350 10.580 11.385 12.880 9.200
APOG 0.014 0.015 0.014 0.015 0.013 0.013 0.014 0.013 0.017 0.012 0.016 0.012 0.017 0.011 0.012 0.017 0.011 0.012 0.012 0.015
ATPG 4.200 4.704 4.662 4.494 5.040 4.914 4.830 3.486 4.536 4.830 3.780 3.780 3.654 5.040 4.578 4.284 4.830 3.948 4.116 4.788
CETG 100.000 117.000 103.000 96.000 92.000 120.000 106.000 95.000 113.000 117.000 92.000 115.000 93.000 83.000 102.000 113.000 97.000 111.000 89.000 80.000
CICG 60.000 72.000 62.400 69.600 63.000 61.800 54.000 52.200 64.800 48.000 49.200 51.000 69.600 57.600 58.800 57.000 56.400 55.200 67.200 62.400
DATR 1.000 0.860 0.830 1.120 1.020 0.830 1.170 1.100 0.890 1.170 0.840 0.970 1.040 1.200 0.890 0.930 1.070 1.090 0.930 0.980
FINR 3.430 3.945 3.636 2.778 4.082 3.739 3.464 3.018 2.916 3.190 2.881 3.087 3.293 3.327 3.567 3.224 2.950 3.121 3.121 3.636
GHUG 5.000 4.900 4.850 4.600 5.250 5.600 5.700 5.350 4.350 5.150 5.900 5.900 4.250 4.350 5.650 5.450 4.100 5.400 4.350 4.800
GORG 8.000 9.200 8.960 7.120 8.960 9.600 8.720 8.720 7.840 8.960 6.400 9.600 9.040 8.400 8.880 9.440 7.280 7.840 6.880 7.760
GSBG 6.200 6.510 6.696 5.394 7.440 7.254 5.518 5.270 6.138 6.696 6.014 5.208 5.704 5.456 5.332 6.076 6.758 7.192 6.324 7.316
HDOG 331.000 291.280 377.340 284.660 314.450 281.350 324.380 274.730 393.890 291.280 393.890 291.280 301.210 324.380 281.350 350.860 294.590 377.340 364.100 370.720
IELG 3.500 2.800 3.045 3.465 3.395 4.200 3.185 4.200 3.920 3.430 3.080 2.800 3.815 3.675 3.150 3.605 3.395 3.955 3.955 3.395
IHPG 3.000 2.850 3.420 2.430 3.300 3.600 3.030 3.030 3.420 3.180 3.300 3.450 2.850 2.670 2.700 2.430 2.610 3.600 3.270 2.880
INRG 40.000 36.000 36.800 43.600 39.200 36.000 35.200 33.600 43.600 34.000 42.400 40.800 45.200 44.800 38.400 36.400 32.000 42.800 32.800 43.200
JPIG 1.370 1.151 1.192 1.165 1.356 1.603 1.397 1.617 1.548 1.247 1.425 1.096 1.480 1.110 1.397 1.644 1.356 1.274 1.589 1.630
JTKG 24.000 26.880 20.160 27.360 19.680 22.320 21.600 19.680 26.640 23.280 21.600 22.800 27.360 23.280 24.240 21.120 21.840 26.880 25.200 22.560
KDHR 40.000 41.600 40.800 38.000 34.000 37.200 46.000 45.200 32.800 41.600 43.600 37.600 44.000 34.400 36.400 42.000 33.200 32.400 35.200 42.800
KSFR 1.000 1.060 0.840 0.960 0.800 0.950 1.060 0.820 1.130 1.140 0.960 0.910 1.060 1.020 1.160 0.860 1.090 0.850 0.970 1.090
MAHR 0.016 0.014 0.019 0.015 0.013 0.017 0.017 0.016 0.019 0.015 0.015 0.017 0.014 0.017 0.013 0.018 0.019 0.019 0.013 0.018
MAPG 53.000 51.940 63.600 57.240 63.070 51.410 43.990 46.110 49.820 60.950 46.110 44.520 59.360 57.240 62.010 50.880 45.050 55.650 42.400 52.470
MKIR 0.021 0.018 0.022 0.025 0.024 0.023 0.018 0.019 0.021 0.022 0.024 0.025 0.017 0.023 0.017 0.019 0.022 0.018 0.022 0.019
MKOG 11.960 14.352 11.123 11.721 14.232 13.515 10.764 11.482 13.993 12.797 12.558 13.634 11.362 12.917 9.807 11.242 13.156 12.199 14.232 11.840
MLHR 7.600 6.080 6.764 6.840 8.588 8.132 6.156 6.308 8.056 7.144 8.360 6.232 8.132 8.664 7.676 7.296 6.384 8.892 6.308 7.372
MPLR 12.000 9.720 10.440 14.160 14.040 10.440 13.680 14.160 12.480 13.560 11.640 12.480 10.080 13.800 14.040 10.680 10.440 9.600 12.840 13.200
MR0R 2.000 2.400 1.800 2.080 1.860 2.160 2.020 2.020 1.700 1.820 1.900 2.280 2.280 1.660 1.880 1.640 1.900 2.320 2.320 1.640
MR1R 2.010 1.688 1.749 2.030 2.312 2.070 2.191 2.231 2.111 2.191 2.151 2.191 1.769 2.090 1.628 2.392 1.970 2.291 2.352 1.749
NALN 26.000 22.360 27.820 21.840 25.220 26.520 21.060 23.400 28.600 28.860 24.960 24.440 30.940 20.800 23.400 22.100 28.340 29.120 20.800 28.600
NF2R 0.400 0.448 0.328 0.368 0.456 0.444 0.472 0.424 0.348 0.388 0.420 0.356 0.464 0.352 0.412 0.328 0.320 0.364 0.372 0.440
POPG 12.500 10.375 13.500 10.375 10.500 14.750 14.875 12.375 13.750 11.125 10.625 12.375 14.625 10.500 10.500 14.000 10.875 10.750 10.250 12.375
SING 0.170 0.145 0.168 0.155 0.201 0.180 0.196 0.136 0.177 0.138 0.197 0.173 0.190 0.141 0.163 0.139 0.201 0.148 0.184 0.197
SKDR 400.000 408.000 384.000 344.000 420.000 408.000 328.000 332.000 408.000 432.000 392.000 396.000 364.000 380.000 436.000 360.000 468.000 388.000 372.000 472.000
SLLG 26.250 29.925 24.412 26.775 30.713 26.513 27.563 25.725 29.138 31.238 22.313 27.825 22.313 29.400 27.825 21.787 29.925 27.825 30.975 21.000
ST1R 0.760 0.699 0.699 0.646 0.813 0.661 0.828 0.722 0.646 0.707 0.608 0.897 0.851 0.783 0.714 0.608 0.882 0.692 0.676 0.692
TEAG 0.450 0.441 0.401 0.477 0.491 0.536 0.513 0.527 0.495 0.455 0.455 0.459 0.508 0.455 0.360 0.437 0.360 0.518 0.410 0.378
TKMG 58.000 55.100 51.040 55.680 63.220 59.160 48.720 51.040 64.380 56.840 66.700 65.540 65.540 51.040 69.020 69.600 69.600 69.020 52.200 63.220
TR1R 0.304 0.274 0.313 0.283 0.277 0.350 0.274 0.271 0.261 0.271 0.274 0.362 0.347 0.286 0.328 0.344 0.292 0.316 0.316 0.313
TRSG 1.101 1.035 1.266 1.046 1.112 1.288 0.925 1.079 1.233 1.013 1.002 0.947 1.233 1.167 0.925 1.211 0.969 0.925 1.288 1.145
VHDR 0.900 0.792 0.891 0.873 0.963 0.981 0.774 0.873 0.909 0.936 0.801 0.819 0.810 0.927 1.080 0.774 1.008 0.972 0.756 0.945
VLJG 2.000 1.960 2.380 1.780 1.860 2.220 2.300 1.700 1.680 1.820 1.600 2.260 2.240 2.400 1.940 2.220 2.140 1.820 1.720 2.180
ZDDG 5.800 6.612 5.974 4.640 5.220 5.626 5.858 4.640 4.814 6.728 5.858 5.510 6.496 5.858 6.728 5.394 6.844 5.916 5.742 4.930
ZV2R 0.031 0.037 0.029 0.032 0.028 0.029 0.031 0.032 0.027 0.027 0.035 0.036 0.031 0.037 0.036 0.030 0.033 0.029 0.036 0.036
ZVHR 0.101 0.082 0.091 0.092 0.088 0.083 0.099 0.108 0.107 0.105 0.087 0.104 0.085 0.102 0.114 0.091 0.105 0.096 0.105 0.085
KDHP 6.900 7.935 8.004 5.865 5.865 5.934 6.141 5.934 6.486 7.383 5.727 6.693 7.866 6.072 8.004 5.658 6.624 6.348 7.866 6.624
PPDG 45.900 37.179 39.933 46.818 55.080 48.654 49.572 51.867 44.064 39.015 41.769 53.703 51.408 44.523 48.654 53.703 43.146 48.195 43.605 43.605
AB10 100.400 92.368 106.424 88.352 91.364 82.328 95.380 107.428 112.448 83.332 89.356 85.340 94.376 105.420 108.432 91.364 113.452 97.388 110.440 110.440
BDM1 100.000 120.000 94.000 101.000 113.000 87.000 115.000 109.000 105.000 106.000 113.000 103.000 116.000 93.000 80.000 88.000 118.000 101.000 117.000 81.000
CIM1 102.900 91.581 112.161 85.407 123.480 97.755 116.277 123.480 110.103 103.929 105.987 116.277 112.161 103.929 122.451 108.045 99.813 90.552 122.451 105.987
DEO1 100.020 115.023 107.021 104.021 112.022 108.022 105.021 103.021 81.016 111.022 105.021 88.018 112.022 119.024 119.024 117.023 97.019 86.017 88.018 86.017
DPR1 65.000 55.900 59.800 75.400 53.300 61.750 71.500 72.150 57.850 67.600 53.300 76.700 61.750 74.100 76.700 78.000 57.200 63.700 56.550 59.800
DRS1 103.000 82.400 113.300 95.790 85.490 107.120 83.430 101.970 116.390 83.430 119.480 121.540 83.430 120.510 123.600 88.580 113.300 91.670 122.570 88.580
DRS3 102.000 116.280 82.620 103.020 88.740 109.140 113.220 86.700 117.300 96.900 88.740 105.060 91.800 97.920 110.160 83.640 105.060 93.840 112.200 106.080
FB09 99.000 110.880 99.990 109.890 91.080 115.830 85.140 85.140 111.870 98.010 113.850 85.140 109.890 95.040 80.190 82.170 79.200 112.860 99.990 109.890
FB11 103.700 82.960 102.663 99.552 121.329 111.996 100.589 108.885 104.737 99.552 89.182 96.441 119.255 97.478 107.848 92.293 118.218 124.440 124.440 90.219
FB14 98.000 92.120 104.860 95.060 112.700 100.940 103.880 110.740 100.940 86.240 88.200 109.760 115.640 115.640 95.060 109.760 116.620 85.260 107.800 91.140
FB15 96.500 100.360 101.325 105.185 94.570 95.535 100.360 98.430 85.885 92.640 86.850 105.185 89.745 93.605 105.185 111.940 98.430 90.710 112.905 77.200
FB16 102.000 95.880 94.860 90.780 91.800 109.140 93.840 120.360 112.200 100.980 85.680 87.720 88.740 118.320 91.800 90.780 98.940 91.800 81.600 110.160
FB17 98.750 106.650 118.500 110.600 87.888 99.738 82.950 81.962 96.775 118.500 104.675 92.825 115.538 93.813 79.000 83.938 79.988 80.975 112.575 81.962
FB20 96.000 106.560 97.920 89.280 81.600 102.720 80.640 98.880 80.640 97.920 76.800 84.480 114.240 91.200 113.280 95.040 87.360 91.200 105.600 115.200
FB21 94.500 110.565 99.225 107.730 86.940 84.105 85.050 103.005 105.840 75.600 82.215 105.840 105.840 78.435 79.380 106.785 96.390 91.665 92.610 105.840
KBG1 102.500 119.925 120.950 90.200 98.400 111.725 83.025 119.925 106.600 119.925 123.000 101.475 115.825 87.125 100.450 98.400 95.325 101.475 112.750 113.775
KBM7 98.220 82.505 91.345 80.540 92.327 83.487 111.971 94.291 112.953 117.864 88.398 97.238 83.487 110.989 85.451 115.900 95.273 108.042 107.060 86.434
KBM9 101.500 89.320 99.470 88.305 99.470 84.245 105.560 115.710 87.290 109.620 86.275 113.680 115.710 90.335 99.470 107.590 116.725 107.590 97.440 112.665
KDH1 101.300 103.326 84.079 98.261 88.131 118.521 109.404 88.131 90.157 82.053 115.482 81.040 118.521 86.105 107.378 110.417 118.521 120.547 116.495 87.118
KDH2 87.000 89.610 73.080 84.390 90.480 76.560 78.300 100.050 97.440 79.170 97.440 98.310 92.220 69.600 100.050 97.440 96.570 81.780 69.600 90.480
MEO1 100.500 93.465 85.425 91.455 113.565 119.595 90.450 85.425 102.510 95.475 82.410 91.455 96.480 83.415 84.420 102.510 112.560 90.450 106.530 82.410
PBS6 104.000 86.320 83.200 124.800 109.200 88.400 88.400 112.320 122.720 121.680 91.520 100.880 84.240 99.840 112.320 114.400 123.760 122.720 101.920 116.480
PBS7 100.000 117.000 85.000 113.000 106.000 87.000 120.000 99.000 118.000 103.000 104.000 87.000 88.000 107.000 89.000 80.000 102.000 85.000 117.000 84.000
PET1 108.750 94.613 127.238 112.013 103.313 101.137 100.050 117.450 118.538 110.925 130.500 97.875 129.413 96.788 100.050 118.538 127.238 129.413 112.013 102.225
PRB8 100.000 95.000 98.000 90.000 120.000 110.000 95.000 85.000 92.000 120.000 118.000 114.000 84.000 94.000 119.000 101.000 81.000 107.000 118.000 87.000
PRB9 80.000 64.800 91.200 64.000 80.800 64.000 80.800 69.600 67.200 92.800 75.200 69.600 87.200 89.600 86.400 68.000 73.600 88.000 91.200 82.400
PSN1 90.000 103.500 78.300 102.600 108.000 76.500 77.400 86.400 80.100 74.700 107.100 99.900 80.100 101.700 86.400 97.200 82.800 96.300 78.300 78.300
RS21 98.500 116.230 87.665 118.200 86.680 86.680 111.305 85.695 95.545 104.410 96.530 117.215 100.470 114.260 105.395 85.695 86.680 97.515 102.440 115.245
RS26 100.550 103.567 82.451 120.660 94.517 92.506 99.545 83.456 116.638 103.567 101.556 84.462 81.446 113.621 103.567 117.644 90.495 93.512 106.583 105.578
RS29 101.550 105.612 106.628 114.752 83.271 91.395 90.379 100.535 104.597 116.782 87.333 121.860 117.798 119.829 94.441 87.333 108.659 106.628 111.705 94.441
RS32 101.550 121.860 97.488 88.349 103.581 97.488 120.845 108.659 100.535 117.798 114.752 112.721 103.581 94.441 113.736 112.721 109.674 83.271 96.473 81.240
RS33 140.000 142.800 155.400 124.600 131.600 134.400 113.400 114.800 120.400 165.200 144.200 127.400 128.800 124.600 121.800 134.400 155.400 165.200 138.600 162.400
RS38 102.600 123.120 90.288 103.626 104.652 98.496 108.756 93.366 93.366 91.314 115.938 107.730 115.938 117.990 99.522 110.808 112.860 87.210 95.418 120.042
RS44 103.000 113.300 96.820 86.520 119.480 108.150 89.610 117.420 92.700 96.820 121.540 82.400 88.580 123.600 95.790 93.730 120.510 96.820 93.730 98.880
RS48 100.100 104.104 84.084 103.103 89.089 91.091 111.111 109.109 98.098 93.093 118.118 116.116 113.113 85.085 103.103 83.083 120.120 95.095 117.117 96.096
RS49 100.100 111.111 113.113 88.088 118.118 86.086 93.093 94.094 94.094 95.095 108.108 114.114 116.116 89.089 106.106 80.080 115.115 90.090 104.104 89.089
RS50 100.000 109.000 114.000 82.000 103.000 86.000 81.000 115.000 102.000 101.000 101.000 102.000 84.000 95.000 84.000 83.000 86.000 114.000 88.000 92.000
RS53 99.000 97.020 108.900 83.160 96.030 82.170 109.890 79.200 104.940 106.920 118.800 84.150 94.050 105.930 96.030 118.800 106.920 118.800 104.940 117.810
RS54 101.000 108.070 81.810 85.850 117.160 120.190 109.080 106.050 86.860 83.830 95.950 86.860 102.010 108.070 120.190 113.120 93.930 115.140 83.830 118.170
RS57 100.000 90.000 94.000 86.000 93.000 118.000 99.000 88.000 120.000 90.000 98.000 103.000 102.000 95.000 95.000 89.000 96.000 118.000 118.000 88.000
RS59 98.000 81.340 87.220 96.040 78.400 86.240 113.680 90.160 113.680 80.360 91.140 85.260 81.340 93.100 99.960 78.400 99.960 80.360 102.900 103.880
RS62 100.000 93.000 115.000 98.000 107.000 114.000 88.000 119.000 99.000 101.000 101.000 115.000 81.000 84.000 83.000 104.000 102.000 92.000 111.000 102.000
RS63 100.500 84.420 87.435 103.515 89.445 104.520 90.450 114.570 106.530 98.490 84.420 97.485 92.460 105.525 118.590 114.570 94.470 97.485 99.495 110.550
RS65 100.000 113.000 113.000 113.000 94.000 106.000 92.000 93.000 114.000 92.000 81.000 95.000 101.000 91.000 88.000 87.000 106.000 101.000 86.000 106.000
RS66 112.720 99.194 118.356 129.628 123.992 129.628 107.084 122.865 108.211 117.229 120.610 119.483 100.321 90.176 94.685 91.303 122.865 110.466 100.321 119.483
RS67 101.560 86.326 115.778 86.326 119.841 100.544 87.342 99.529 92.420 99.529 112.732 105.622 115.778 113.747 85.310 95.466 114.763 104.607 99.529 118.825
SA02 99.980 94.981 91.982 82.983 84.983 86.983 101.980 101.980 101.980 82.983 110.978 88.982 80.984 113.977 103.979 89.982 117.976 102.979 100.980 104.979
SI01 100.000 113.000 113.000 93.000 95.000 92.000 116.000 88.000 103.000 88.000 93.000 108.000 110.000 111.000 113.000 119.000 80.000 80.000 119.000 98.000
ZT01 102.000 96.900 89.760 98.940 114.240 86.700 122.400 121.380 90.780 87.720 110.160 98.940 113.220 99.960 88.740 100.980 91.800 121.380 112.200 122.400
ZT02 100.000 86.000 120.000 99.000 116.000 91.000 83.000 96.000 93.000 114.000 115.000 80.000 120.000 81.000 116.000 107.000 104.000 103.000 115.000 109.000
KDIR 5.190 4.671 6.228 4.931 5.553 5.813 5.346 4.256 4.515 5.553 4.360 4.723 6.020 5.086 4.463 5.657 5.294 6.228 5.450 4.360
NF1N 0.720 0.612 0.857 0.857 0.814 0.770 0.634 0.857 0.778 0.749 0.590 0.626 0.857 0.785 0.727 0.641 0.648 0.590 0.756 0.756
MPEU 4.650 5.069 3.720 3.953 5.394 5.255 3.860 3.767 4.371 3.906 3.999 4.046 3.720 4.883 4.371 4.557 4.883 3.860 5.580 4.278
PBGS 0.713 0.841 0.841 0.585 0.734 0.656 0.656 0.742 0.756 0.613 0.834 0.606 0.684 0.578 0.699 0.620 0.592 0.827 0.656 0.635